ID,Size,Predicted %,Actual value
0,115,0.0014104372355430183,NO
1,329,0.0014104372355430183,NO
2,35,1.5891934843067145E-5,NO
3,390,0.0014104372355430183,NO
4,84,1.5891934843067145E-5,NO
5,70,1.5891934843067145E-5,NO
6,92,1.5891934843067145E-5,NO
7,89,1.5891934843067145E-5,NO
8,63,1.5891934843067145E-5,NO
9,51,1.5891934843067145E-5,NO
10,147,1.5891934843067145E-5,NO
11,179,1.5891934843067145E-5,NO
12,282,0.0014104372355430183,NO
13,295,0.0014104372355430183,NO
14,106,1.5891934843067145E-5,NO
15,47,1.5891934843067145E-5,NO
16,45,1.5891934843067145E-5,NO
17,90,1.5891934843067145E-5,NO
18,691,0.0014104372355430183,YES
19,62,1.5891934843067145E-5,NO
20,35,1.5891934843067145E-5,NO
21,172,1.5891934843067145E-5,NO
22,94,1.5891934843067145E-5,YES
23,27,1.5891934843067145E-5,NO
24,191,1.5891934843067145E-5,NO
25,66,1.5891934843067145E-5,NO
26,82,1.5891934843067145E-5,NO
27,43,1.5891934843067145E-5,NO
28,189,1.5891934843067145E-5,YES
29,101,0.0014104372355430183,NO
30,87,1.5891934843067145E-5,NO
31,495,0.0014104372355430183,YES
32,153,1.5891934843067145E-5,YES
33,44,1.5891934843067145E-5,NO
34,308,4.710315591144607E-4,YES
35,50,1.5891934843067145E-5,NO
36,437,1.5891934843067145E-5,NO
37,74,1.5891934843067145E-5,NO
38,62,1.5891934843067145E-5,NO
39,65,4.710315591144607E-4,NO
40,48,1.5891934843067145E-5,NO
41,46,1.5891934843067145E-5,NO
42,577,1.5891934843067145E-5,YES
43,90,1.5891934843067145E-5,NO
44,109,1.5891934843067145E-5,NO
45,92,1.5891934843067145E-5,NO
46,226,0.0014104372355430183,NO
47,56,1.5891934843067145E-5,NO
48,74,1.5891934843067145E-5,NO
49,31,1.5891934843067145E-5,NO
50,28,1.5891934843067145E-5,NO
51,4088,1.5891934843067145E-5,NO
52,47,1.5891934843067145E-5,NO
53,221,7.062146892655368E-4,NO
54,377,1.5891934843067145E-5,NO
55,1248,0.0014104372355430183,YES
56,125,1.5891934843067145E-5,NO
57,183,1.5891934843067145E-5,NO
58,58,1.5891934843067145E-5,NO
59,792,0.0014104372355430183,YES
60,42,1.5891934843067145E-5,NO
61,45,1.5891934843067145E-5,NO
62,648,1.5891934843067145E-5,YES
63,84,0.0014104372355430183,NO
64,143,1.5891934843067145E-5,NO
65,106,1.5891934843067145E-5,NO
66,62,1.5891934843067145E-5,NO
67,148,0.0014104372355430183,NO
68,111,1.5891934843067145E-5,NO
69,129,1.5891934843067145E-5,NO
70,24,1.5891934843067145E-5,NO
71,422,1.5891934843067145E-5,YES
72,131,1.5891934843067145E-5,NO
73,189,0.0014104372355430183,NO
74,38,1.5891934843067145E-5,NO
75,69,7.062146892655368E-4,NO
76,804,0.0014104372355430183,NO
77,109,1.5891934843067145E-5,NO
78,85,1.5891934843067145E-5,NO
79,160,1.5891934843067145E-5,NO
80,156,0.0014104372355430183,NO
81,90,1.5891934843067145E-5,NO
82,88,4.710315591144607E-4,YES
83,359,0.0014104372355430183,YES
84,155,0.0014104372355430183,NO
85,273,0.0014104372355430183,YES
86,86,1.5891934843067145E-5,NO
87,466,0.0014104372355430183,YES
88,134,1.5891934843067145E-5,NO
89,27,1.5891934843067145E-5,NO
90,111,1.5891934843067145E-5,NO
91,39,0.0014104372355430183,NO
92,159,1.5891934843067145E-5,NO
93,64,1.5891934843067145E-5,NO
94,37,1.5891934843067145E-5,NO
95,162,1.5891934843067145E-5,NO
96,76,7.062146892655368E-4,NO
97,43,1.5891934843067145E-5,NO
98,666,7.062146892655368E-4,NO
99,74,1.5891934843067145E-5,NO
100,48,1.5891934843067145E-5,NO
101,262,0.0014104372355430183,NO
102,979,0.0014104372355430183,YES
103,45,1.5891934843067145E-5,NO
104,582,1.5891934843067145E-5,YES
105,358,1.5891934843067145E-5,NO
106,136,1.5891934843067145E-5,NO
107,89,1.5891934843067145E-5,NO
108,191,1.5891934843067145E-5,NO
109,96,1.5891934843067145E-5,NO
110,106,1.5891934843067145E-5,YES
111,236,1.5891934843067145E-5,NO
112,565,7.062146892655368E-4,YES
113,346,0.0014104372355430183,NO
114,77,1.5891934843067145E-5,NO
115,47,1.5891934843067145E-5,NO
116,123,1.5891934843067145E-5,NO
117,69,1.5891934843067145E-5,NO
118,34,1.5891934843067145E-5,NO
119,252,0.0014104372355430183,NO
120,25,7.062146892655368E-4,NO
121,73,4.710315591144607E-4,NO
122,93,1.5891934843067145E-5,NO
123,624,0.0014104372355430183,NO
124,108,1.5891934843067145E-5,NO
125,323,0.0014104372355430183,NO
126,49,1.5891934843067145E-5,NO
127,213,1.5891934843067145E-5,NO
128,101,0.0014104372355430183,NO
129,34,1.5891934843067145E-5,NO
130,36,1.5891934843067145E-5,NO
131,117,0.0014104372355430183,NO
132,177,1.5891934843067145E-5,NO
133,550,7.062146892655368E-4,NO
134,70,1.5891934843067145E-5,NO
135,89,1.5891934843067145E-5,NO
136,510,0.0014104372355430183,YES
137,94,4.710315591144607E-4,NO
138,50,1.5891934843067145E-5,NO
139,167,0.0014104372355430183,YES
140,244,1.5891934843067145E-5,NO
141,27,1.5891934843067145E-5,NO
142,460,4.710315591144607E-4,YES
143,47,0.0014104372355430183,NO
144,50,1.5891934843067145E-5,NO
145,512,0.0014104372355430183,NO
146,106,1.5891934843067145E-5,NO
147,97,4.710315591144607E-4,NO
148,26,1.5891934843067145E-5,NO
149,315,0.0014104372355430183,YES
150,156,1.5891934843067145E-5,NO
151,188,0.0014104372355430183,YES
152,79,1.5891934843067145E-5,NO
153,923,0.0014104372355430183,YES
154,60,1.5891934843067145E-5,NO
155,48,1.5891934843067145E-5,NO
156,254,1.5891934843067145E-5,NO
157,157,7.062146892655368E-4,NO
158,147,1.5891934843067145E-5,NO
159,182,1.5891934843067145E-5,YES
160,248,1.5891934843067145E-5,NO
161,137,1.5891934843067145E-5,NO
162,371,1.5891934843067145E-5,NO
163,491,0.0014104372355430183,NO
164,180,7.062146892655368E-4,NO
165,66,1.5891934843067145E-5,NO
166,168,1.5891934843067145E-5,NO
167,72,1.5891934843067145E-5,NO
168,27,1.5891934843067145E-5,NO
169,304,0.0014104372355430183,NO
170,132,1.5891934843067145E-5,NO
171,64,0.0014104372355430183,NO
172,981,7.062146892655368E-4,YES
173,262,7.062146892655368E-4,NO
174,74,1.5891934843067145E-5,NO
175,32,1.5891934843067145E-5,NO
176,138,0.0014104372355430183,NO
177,132,1.5891934843067145E-5,NO
178,74,1.5891934843067145E-5,NO
179,86,0.0014104372355430183,NO
180,148,1.5891934843067145E-5,NO
181,752,0.0014104372355430183,NO
182,125,1.5891934843067145E-5,NO
183,105,1.5891934843067145E-5,NO
184,273,1.5891934843067145E-5,YES
185,174,1.5891934843067145E-5,NO
186,1038,0.0014104372355430183,NO
187,68,1.5891934843067145E-5,NO
188,358,4.710315591144607E-4,NO
189,76,1.5891934843067145E-5,NO
190,83,1.5891934843067145E-5,NO
191,51,1.5891934843067145E-5,NO
192,151,1.5891934843067145E-5,NO
193,657,0.0014104372355430183,NO
194,187,0.0014104372355430183,NO
195,55,1.5891934843067145E-5,NO
196,25,1.5891934843067145E-5,NO
197,29,1.5891934843067145E-5,NO
198,37,1.5891934843067145E-5,NO
199,180,1.5891934843067145E-5,NO
200,98,1.5891934843067145E-5,NO
201,215,1.5891934843067145E-5,NO
202,38,1.5891934843067145E-5,NO
203,104,0.0014104372355430183,NO
204,135,0.0014104372355430183,NO
205,92,1.5891934843067145E-5,NO
206,160,0.0014104372355430183,YES
207,27,1.5891934843067145E-5,NO
208,117,0.0014104372355430183,NO
209,140,1.5891934843067145E-5,YES
210,168,0.0014104372355430183,NO
211,117,1.5891934843067145E-5,NO
212,74,1.5891934843067145E-5,NO
213,74,1.5891934843067145E-5,NO
214,273,1.5891934843067145E-5,YES
215,214,1.5891934843067145E-5,NO
216,85,1.5891934843067145E-5,NO
217,108,1.5891934843067145E-5,YES
218,130,1.5891934843067145E-5,YES
219,163,1.5891934843067145E-5,NO
220,872,0.0014104372355430183,NO
221,49,1.5891934843067145E-5,NO
222,123,1.5891934843067145E-5,NO
223,92,1.5891934843067145E-5,NO
224,100,1.5891934843067145E-5,NO
225,42,1.5891934843067145E-5,NO
226,39,1.5891934843067145E-5,NO
227,53,1.5891934843067145E-5,NO
228,266,0.0014104372355430183,YES
229,72,1.5891934843067145E-5,NO
230,99,1.5891934843067145E-5,NO
231,34,1.5891934843067145E-5,NO
232,22,1.5891934843067145E-5,NO
233,31,1.5891934843067145E-5,NO
234,98,1.5891934843067145E-5,NO
235,36,1.5891934843067145E-5,NO
236,1263,4.710315591144607E-4,NO
237,956,0.0014104372355430183,YES
238,525,7.062146892655368E-4,NO
239,277,1.5891934843067145E-5,NO
240,601,1.5891934843067145E-5,YES
241,202,1.5891934843067145E-5,NO
242,64,1.5891934843067145E-5,NO
243,369,0.0014104372355430183,NO
244,356,0.0014104372355430183,YES
245,421,0.0014104372355430183,NO
246,628,0.0014104372355430183,YES
247,103,1.5891934843067145E-5,NO
248,277,0.0014104372355430183,YES
249,42,1.5891934843067145E-5,NO
250,79,1.5891934843067145E-5,NO
251,67,1.5891934843067145E-5,NO
252,354,4.710315591144607E-4,YES
253,58,4.710315591144607E-4,NO
254,56,1.5891934843067145E-5,NO
255,214,1.5891934843067145E-5,NO
256,44,1.5891934843067145E-5,NO
257,1126,0.0014104372355430183,NO
258,319,1.5891934843067145E-5,NO
259,41,1.5891934843067145E-5,NO
260,163,0.0014104372355430183,NO
261,70,1.5891934843067145E-5,NO
262,332,4.710315591144607E-4,NO
263,129,1.5891934843067145E-5,NO
264,56,0.0014104372355430183,NO
265,107,1.5891934843067145E-5,NO
266,32,1.5891934843067145E-5,NO
267,319,0.0014104372355430183,YES
268,326,1.5891934843067145E-5,YES
269,101,0.0014104372355430183,NO
270,328,0.0014104372355430183,YES
271,54,1.5891934843067145E-5,NO
272,476,0.0014104372355430183,NO
273,56,1.5891934843067145E-5,NO
274,94,1.5891934843067145E-5,NO
275,61,0.0014104372355430183,NO
276,337,1.5891934843067145E-5,NO
277,72,1.5891934843067145E-5,NO
278,343,0.0014104372355430183,YES
279,167,7.062146892655368E-4,NO
280,842,0.0014104372355430183,NO
281,867,0.0014104372355430183,NO
282,101,1.5891934843067145E-5,NO
283,84,7.062146892655368E-4,NO
284,183,1.5891934843067145E-5,NO
285,223,1.5891934843067145E-5,NO
286,194,0.0014104372355430183,NO
287,165,1.5891934843067145E-5,NO
288,183,1.5891934843067145E-5,NO
289,140,1.5891934843067145E-5,NO
290,171,1.5891934843067145E-5,NO
291,243,1.5891934843067145E-5,YES
292,63,1.5891934843067145E-5,NO
293,422,0.0014104372355430183,NO
294,50,1.5891934843067145E-5,NO
295,40,1.5891934843067145E-5,NO
296,164,0.0014104372355430183,NO
297,84,1.5891934843067145E-5,NO
298,57,1.5891934843067145E-5,NO
299,380,1.5891934843067145E-5,NO
300,71,1.5891934843067145E-5,NO
301,261,0.0014104372355430183,NO
302,132,1.5891934843067145E-5,NO
303,33,1.5891934843067145E-5,NO
304,77,7.062146892655368E-4,NO
305,179,0.0014104372355430183,NO
306,355,1.5891934843067145E-5,NO
307,2009,0.0014104372355430183,NO
308,383,1.5891934843067145E-5,YES
309,100,1.5891934843067145E-5,NO
310,141,0.0014104372355430183,NO
311,444,0.0014104372355430183,NO
312,54,1.5891934843067145E-5,NO
313,184,0.0014104372355430183,NO
314,301,0.0014104372355430183,YES
315,49,1.5891934843067145E-5,NO
316,27,1.5891934843067145E-5,NO
317,200,1.5891934843067145E-5,NO
318,77,1.5891934843067145E-5,NO
319,16883,1.5891934843067145E-5,NO
320,58,1.5891934843067145E-5,NO
321,846,1.5891934843067145E-5,YES
322,553,4.710315591144607E-4,YES
323,106,0.0014104372355430183,NO
324,152,1.5891934843067145E-5,NO
325,72,1.5891934843067145E-5,NO
326,268,1.5891934843067145E-5,YES
327,47,1.5891934843067145E-5,NO
328,192,1.5891934843067145E-5,YES
329,75,1.5891934843067145E-5,NO
330,52,1.5891934843067145E-5,NO
331,104,0.0014104372355430183,NO
332,33,7.062146892655368E-4,NO
333,86,0.0014104372355430183,NO
334,88,1.5891934843067145E-5,NO
335,62,1.5891934843067145E-5,NO
336,153,1.5891934843067145E-5,NO
337,48,1.5891934843067145E-5,YES
338,47,1.5891934843067145E-5,NO
339,53,0.0014104372355430183,NO
340,139,1.5891934843067145E-5,NO
341,37,1.5891934843067145E-5,NO
342,59,1.5891934843067145E-5,NO
343,109,1.5891934843067145E-5,NO
344,104,1.5891934843067145E-5,NO
345,28,1.5891934843067145E-5,NO
346,77,1.5891934843067145E-5,NO
347,39,1.5891934843067145E-5,NO
348,51,4.710315591144607E-4,NO
349,624,1.5891934843067145E-5,NO
350,126,1.5891934843067145E-5,YES
351,63,1.5891934843067145E-5,NO
352,361,0.0014104372355430183,YES
353,54,1.5891934843067145E-5,NO
354,695,0.0014104372355430183,YES
355,74,0.0014104372355430183,NO
356,64,0.0014104372355430183,NO
