ID,Size,Predicted %,Actual value
0,35,2.715177844148792E-5,NO
1,388,8.403361344537816E-4,NO
2,84,0.0025125628140703522,NO
3,70,0.0025125628140703522,NO
4,92,2.715177844148792E-5,NO
5,89,0.0012594458438287153,NO
6,63,2.715177844148792E-5,NO
7,51,2.715177844148792E-5,NO
8,147,2.715177844148792E-5,NO
9,179,0.0012594458438287153,NO
10,284,0.0025125628140703522,NO
11,106,0.0012594458438287153,NO
12,47,0.0012594458438287153,NO
13,45,0.0025125628140703522,NO
14,90,0.0012594458438287153,NO
15,727,0.0012594458438287153,NO
16,62,2.715177844148792E-5,NO
17,35,2.715177844148792E-5,NO
18,172,0.0012594458438287153,NO
19,94,0.0012594458438287153,NO
20,27,2.715177844148792E-5,NO
21,191,0.0012594458438287153,NO
22,66,2.715177844148792E-5,NO
23,82,0.0012594458438287153,NO
24,43,0.0025125628140703522,NO
25,189,0.0025125628140703522,NO
26,87,0.0012594458438287153,NO
27,467,0.0025125628140703522,NO
28,153,0.0025125628140703522,YES
29,44,0.0025125628140703522,NO
30,306,0.0025125628140703522,YES
31,50,2.715177844148792E-5,NO
32,437,0.0025125628140703522,NO
33,74,2.715177844148792E-5,NO
34,62,2.715177844148792E-5,NO
35,48,2.715177844148792E-5,NO
36,46,2.715177844148792E-5,NO
37,577,0.0025125628140703522,NO
38,90,0.0025125628140703522,NO
39,109,0.0025125628140703522,NO
40,92,0.0025125628140703522,NO
41,56,2.715177844148792E-5,NO
42,74,0.0025125628140703522,NO
43,31,2.715177844148792E-5,NO
44,28,2.715177844148792E-5,NO
45,4088,0.0025125628140703522,NO
46,47,0.0012594458438287153,NO
47,219,0.0025125628140703522,NO
48,377,0.0025125628140703522,NO
49,1242,0.0025125628140703522,YES
50,125,0.0025125628140703522,NO
51,183,2.715177844148792E-5,NO
52,58,2.715177844148792E-5,NO
53,778,0.0025125628140703522,NO
54,42,2.715177844148792E-5,NO
55,45,0.0025125628140703522,NO
56,648,0.0025125628140703522,YES
57,91,0.0012594458438287153,NO
58,143,2.715177844148792E-5,NO
59,106,8.403361344537816E-4,NO
60,62,0.0025125628140703522,NO
61,142,0.0012594458438287153,NO
62,111,0.0025125628140703522,NO
63,129,0.0025125628140703522,NO
64,24,0.0025125628140703522,NO
65,422,0.0025125628140703522,NO
66,131,0.0025125628140703522,NO
67,38,2.715177844148792E-5,NO
68,798,0.0025125628140703522,NO
69,109,0.0025125628140703522,NO
70,85,2.715177844148792E-5,NO
71,160,0.0025125628140703522,NO
72,154,0.0025125628140703522,NO
73,90,5.045408678102926E-4,NO
74,80,2.715177844148792E-5,YES
75,357,0.0025125628140703522,NO
76,155,0.0012594458438287153,NO
77,271,2.715177844148792E-5,NO
78,86,2.715177844148792E-5,NO
79,466,0.0025125628140703522,YES
80,134,0.0025125628140703522,NO
81,27,2.715177844148792E-5,NO
82,111,2.715177844148792E-5,NO
83,159,0.0012594458438287153,NO
84,64,2.715177844148792E-5,NO
85,37,2.715177844148792E-5,NO
86,162,0.0025125628140703522,NO
87,43,2.715177844148792E-5,NO
88,664,2.715177844148792E-5,NO
89,74,2.715177844148792E-5,NO
90,48,2.715177844148792E-5,NO
91,260,3.6049026676279744E-4,NO
92,978,0.0025125628140703522,NO
93,45,2.715177844148792E-5,NO
94,582,8.403361344537816E-4,NO
95,358,0.0025125628140703522,NO
96,136,0.0025125628140703522,NO
97,89,8.403361344537816E-4,NO
98,191,0.0025125628140703522,NO
99,96,0.0025125628140703522,NO
100,106,0.0025125628140703522,NO
101,236,0.0025125628140703522,NO
102,565,0.0025125628140703522,NO
103,176,3.6049026676279744E-4,NO
104,77,0.0025125628140703522,NO
105,47,0.0012594458438287153,NO
106,123,8.403361344537816E-4,NO
107,69,0.0012594458438287153,NO
108,34,0.0025125628140703522,NO
109,250,0.0025125628140703522,NO
110,93,0.0025125628140703522,NO
111,108,0.0025125628140703522,NO
112,49,2.715177844148792E-5,NO
113,213,0.0025125628140703522,NO
114,150,6.305170239596469E-4,NO
115,34,0.0025125628140703522,NO
116,36,2.715177844148792E-5,NO
117,117,0.0012594458438287153,NO
118,177,5.045408678102926E-4,NO
119,549,0.0025125628140703522,NO
120,70,0.0025125628140703522,NO
121,89,8.403361344537816E-4,NO
122,503,0.0025125628140703522,YES
123,93,0.0012594458438287153,NO
124,50,3.6049026676279744E-4,NO
125,153,2.715177844148792E-5,YES
126,244,0.0012594458438287153,NO
127,27,2.715177844148792E-5,NO
128,458,0.0025125628140703522,NO
129,50,6.305170239596469E-4,NO
130,106,0.0012594458438287153,NO
131,94,0.0012594458438287153,NO
132,26,8.403361344537816E-4,NO
133,314,0.0012594458438287153,NO
134,156,0.0025125628140703522,NO
135,188,0.0012594458438287153,NO
136,79,0.0012594458438287153,NO
137,928,0.0025125628140703522,NO
138,60,2.715177844148792E-5,NO
139,48,2.715177844148792E-5,NO
140,254,0.0025125628140703522,NO
141,154,3.6049026676279744E-4,NO
142,147,0.0025125628140703522,NO
143,182,0.0012594458438287153,NO
144,248,0.0025125628140703522,NO
145,137,0.0025125628140703522,NO
146,371,0.0025125628140703522,NO
147,489,8.403361344537816E-4,NO
148,558,0.0025125628140703522,NO
149,66,2.715177844148792E-5,NO
150,168,0.0025125628140703522,NO
151,72,2.715177844148792E-5,NO
152,27,8.403361344537816E-4,NO
153,132,2.715177844148792E-5,NO
154,928,0.0025125628140703522,NO
155,260,0.0012594458438287153,NO
156,74,2.715177844148792E-5,NO
157,32,2.715177844148792E-5,NO
158,137,2.715177844148792E-5,NO
159,132,2.715177844148792E-5,NO
160,74,0.0025125628140703522,NO
161,84,2.715177844148792E-5,NO
162,148,2.715177844148792E-5,NO
163,125,0.0012594458438287153,NO
164,105,0.0025125628140703522,NO
165,273,0.0025125628140703522,NO
166,174,2.715177844148792E-5,NO
167,1033,0.0012594458438287153,NO
168,68,0.0025125628140703522,NO
169,357,0.0012594458438287153,NO
170,76,2.715177844148792E-5,NO
171,83,8.403361344537816E-4,NO
172,51,6.305170239596469E-4,NO
173,151,0.0025125628140703522,NO
174,55,2.715177844148792E-5,NO
175,25,0.0025125628140703522,NO
176,29,2.715177844148792E-5,NO
177,37,2.715177844148792E-5,NO
178,180,2.715177844148792E-5,NO
179,98,2.715177844148792E-5,NO
180,215,2.715177844148792E-5,NO
181,38,0.0012594458438287153,NO
182,92,0.0025125628140703522,NO
183,158,2.715177844148792E-5,NO
184,27,2.715177844148792E-5,NO
185,140,0.0012594458438287153,NO
186,117,0.0025125628140703522,NO
187,74,0.0025125628140703522,NO
188,74,2.715177844148792E-5,NO
189,273,0.0025125628140703522,NO
190,214,0.0025125628140703522,NO
191,85,0.0012594458438287153,NO
192,108,0.0025125628140703522,YES
193,130,0.0025125628140703522,YES
194,163,2.715177844148792E-5,NO
195,49,0.0025125628140703522,NO
196,123,0.0025125628140703522,NO
197,92,0.0025125628140703522,NO
198,100,6.305170239596469E-4,NO
199,42,0.0012594458438287153,NO
200,39,2.715177844148792E-5,NO
201,53,2.715177844148792E-5,NO
202,204,5.045408678102926E-4,YES
203,72,2.715177844148792E-5,NO
204,99,5.045408678102926E-4,NO
205,34,0.0025125628140703522,NO
206,22,2.715177844148792E-5,NO
207,31,2.715177844148792E-5,NO
208,98,2.715177844148792E-5,NO
209,36,2.715177844148792E-5,NO
210,1262,0.0025125628140703522,NO
211,885,0.0025125628140703522,NO
212,525,8.403361344537816E-4,NO
213,277,0.0025125628140703522,NO
214,601,0.0025125628140703522,NO
215,202,8.403361344537816E-4,NO
216,64,2.715177844148792E-5,NO
217,361,0.0025125628140703522,NO
218,624,0.0025125628140703522,NO
219,584,0.0025125628140703522,YES
220,103,2.715177844148792E-5,NO
221,275,0.0025125628140703522,NO
222,42,2.715177844148792E-5,NO
223,79,0.0012594458438287153,NO
224,67,2.715177844148792E-5,NO
225,353,0.0025125628140703522,YES
226,57,2.715177844148792E-5,NO
227,56,0.0012594458438287153,NO
228,214,0.0025125628140703522,NO
229,44,0.0025125628140703522,NO
230,319,0.0025125628140703522,NO
231,41,2.715177844148792E-5,NO
232,70,0.0025125628140703522,NO
233,331,0.0025125628140703522,NO
234,129,0.0012594458438287153,NO
235,107,8.403361344537816E-4,NO
236,32,2.715177844148792E-5,NO
237,314,0.0025125628140703522,NO
238,326,0.0025125628140703522,YES
239,101,2.715177844148792E-5,NO
240,325,0.0025125628140703522,NO
241,54,2.715177844148792E-5,NO
242,56,0.0025125628140703522,NO
243,94,8.403361344537816E-4,NO
244,337,0.0025125628140703522,NO
245,72,0.0025125628140703522,NO
246,340,0.0025125628140703522,YES
247,166,0.0025125628140703522,NO
248,841,0.0025125628140703522,NO
249,866,0.0025125628140703522,NO
250,101,0.0025125628140703522,NO
251,183,0.0025125628140703522,NO
252,223,0.0025125628140703522,NO
253,165,2.715177844148792E-5,NO
254,183,0.0025125628140703522,NO
255,140,0.0025125628140703522,NO
256,171,8.403361344537816E-4,NO
257,243,0.0025125628140703522,NO
258,63,2.715177844148792E-5,NO
259,421,0.0025125628140703522,NO
260,50,6.305170239596469E-4,NO
261,40,2.715177844148792E-5,NO
262,84,0.0025125628140703522,NO
263,57,2.715177844148792E-5,NO
264,380,0.0025125628140703522,NO
265,71,2.715177844148792E-5,NO
266,132,8.403361344537816E-4,NO
267,33,0.0012594458438287153,NO
268,355,2.715177844148792E-5,NO
269,383,0.0025125628140703522,NO
270,100,0.0025125628140703522,NO
271,138,6.305170239596469E-4,NO
272,54,0.0012594458438287153,NO
273,301,0.0025125628140703522,NO
274,49,0.0025125628140703522,NO
275,27,2.715177844148792E-5,NO
276,200,0.0025125628140703522,NO
277,77,2.715177844148792E-5,NO
278,16883,0.0025125628140703522,NO
279,58,0.0012594458438287153,NO
280,846,0.0025125628140703522,NO
281,551,0.0025125628140703522,NO
282,152,0.0025125628140703522,NO
283,72,0.0025125628140703522,NO
284,268,0.0025125628140703522,NO
285,47,2.715177844148792E-5,NO
286,192,0.0025125628140703522,NO
287,75,0.0025125628140703522,NO
288,52,2.715177844148792E-5,NO
289,101,8.403361344537816E-4,NO
290,83,2.715177844148792E-5,NO
291,88,0.0012594458438287153,NO
292,62,2.715177844148792E-5,NO
293,153,2.715177844148792E-5,NO
294,48,0.0025125628140703522,NO
295,47,0.0025125628140703522,NO
296,58,2.715177844148792E-5,NO
297,139,2.715177844148792E-5,NO
298,37,2.715177844148792E-5,NO
299,59,0.0012594458438287153,NO
300,109,0.0025125628140703522,NO
301,104,0.0025125628140703522,NO
302,28,2.715177844148792E-5,NO
303,77,0.0025125628140703522,NO
304,39,2.715177844148792E-5,NO
305,624,0.0025125628140703522,NO
306,126,0.0012594458438287153,NO
307,63,2.715177844148792E-5,NO
308,358,0.0025125628140703522,NO
309,54,0.0025125628140703522,NO
310,694,0.0025125628140703522,NO
