ID,Size,Predicted %,Actual value
0,115,9.380863039399625E-4,NO
1,329,9.380863039399625E-4,NO
2,35,4.694835680751173E-4,NO
3,390,9.380863039399625E-4,NO
4,84,4.694835680751173E-4,NO
5,70,3.1308703819661864E-4,NO
6,92,2.3485204321277593E-4,NO
7,89,3.1308703819661864E-4,NO
8,63,3.1308703819661864E-4,NO
9,51,4.694835680751173E-4,NO
10,147,4.694835680751173E-4,NO
11,179,9.380863039399625E-4,NO
12,282,9.380863039399625E-4,NO
13,295,9.380863039399625E-4,NO
14,106,9.380863039399625E-4,NO
15,47,1.8789928598271326E-4,NO
16,45,3.1308703819661864E-4,NO
17,83,9.380863039399625E-4,YES
18,90,3.1308703819661864E-4,NO
19,721,9.380863039399625E-4,YES
20,62,2.3485204321277593E-4,NO
21,35,4.694835680751173E-4,NO
22,172,9.380863039399625E-4,NO
23,97,9.380863039399625E-4,NO
24,27,1.565925461948011E-4,NO
25,191,4.694835680751173E-4,NO
26,66,4.694835680751173E-4,NO
27,82,9.380863039399625E-4,NO
28,43,4.694835680751173E-4,NO
29,189,9.380863039399625E-4,YES
30,101,9.380863039399625E-4,NO
31,87,9.380863039399625E-4,NO
32,530,9.380863039399625E-4,NO
33,166,9.380863039399625E-4,NO
34,44,4.694835680751173E-4,NO
35,308,9.380863039399625E-4,YES
36,50,2.3485204321277593E-4,NO
37,437,9.380863039399625E-4,NO
38,74,1.3422818791946307E-4,NO
39,62,2.3485204321277593E-4,NO
40,65,2.3485204321277593E-4,NO
41,48,2.3485204321277593E-4,NO
42,46,9.380863039399625E-4,NO
43,579,9.380863039399625E-4,YES
44,90,3.1308703819661864E-4,NO
45,109,3.1308703819661864E-4,NO
46,876,9.380863039399625E-4,NO
47,92,2.3485204321277593E-4,NO
48,226,9.380863039399625E-4,NO
49,356,9.380863039399625E-4,NO
50,56,3.1308703819661864E-4,NO
51,74,1.3422818791946307E-4,NO
52,31,4.694835680751173E-4,NO
53,28,4.694835680751173E-4,NO
54,4088,9.380863039399625E-4,NO
55,47,1.8789928598271326E-4,NO
56,221,9.380863039399625E-4,NO
57,377,9.380863039399625E-4,NO
58,1154,9.380863039399625E-4,YES
59,128,9.380863039399625E-4,NO
60,183,3.1308703819661864E-4,NO
61,58,4.694835680751173E-4,NO
62,877,9.380863039399625E-4,YES
63,60,9.380863039399625E-4,NO
64,42,3.1308703819661864E-4,NO
65,45,3.1308703819661864E-4,NO
66,752,9.380863039399625E-4,YES
67,84,4.694835680751173E-4,NO
68,143,9.380863039399625E-4,NO
69,106,9.380863039399625E-4,NO
70,62,2.3485204321277593E-4,NO
71,61,9.380863039399625E-4,NO
72,148,9.380863039399625E-4,NO
73,111,4.694835680751173E-4,NO
74,129,4.694835680751173E-4,NO
75,24,9.380863039399625E-4,NO
76,422,9.380863039399625E-4,YES
77,131,9.380863039399625E-4,NO
78,185,9.380863039399625E-4,NO
79,38,4.694835680751173E-4,NO
80,69,9.380863039399625E-4,NO
81,804,9.380863039399625E-4,NO
82,109,3.1308703819661864E-4,NO
83,85,4.694835680751173E-4,NO
84,160,9.380863039399625E-4,NO
85,156,9.380863039399625E-4,NO
86,90,3.1308703819661864E-4,NO
87,88,9.380863039399625E-4,YES
88,361,9.380863039399625E-4,YES
89,155,9.380863039399625E-4,NO
90,273,4.694835680751173E-4,YES
91,86,9.380863039399625E-4,NO
92,497,9.380863039399625E-4,NO
93,134,9.380863039399625E-4,NO
94,27,1.565925461948011E-4,NO
95,111,4.694835680751173E-4,NO
96,39,4.694835680751173E-4,NO
97,31,9.380863039399625E-4,NO
98,159,9.380863039399625E-4,NO
99,64,4.694835680751173E-4,NO
100,37,3.1308703819661864E-4,NO
101,162,9.380863039399625E-4,NO
102,76,9.380863039399625E-4,NO
103,43,4.694835680751173E-4,NO
104,666,9.380863039399625E-4,NO
105,74,1.3422818791946307E-4,NO
106,192,9.380863039399625E-4,NO
107,48,2.3485204321277593E-4,NO
108,263,9.380863039399625E-4,NO
109,1026,9.380863039399625E-4,YES
110,45,3.1308703819661864E-4,NO
111,596,9.380863039399625E-4,NO
112,358,9.380863039399625E-4,NO
113,136,9.380863039399625E-4,NO
114,89,3.1308703819661864E-4,NO
115,191,4.694835680751173E-4,NO
116,96,9.380863039399625E-4,NO
117,106,9.380863039399625E-4,NO
118,237,9.380863039399625E-4,NO
119,565,9.380863039399625E-4,NO
120,346,4.694835680751173E-4,NO
121,77,3.1308703819661864E-4,NO
122,47,1.8789928598271326E-4,NO
123,123,4.694835680751173E-4,NO
124,69,9.380863039399625E-4,NO
125,34,3.1308703819661864E-4,NO
126,252,9.380863039399625E-4,NO
127,132,9.380863039399625E-4,NO
128,25,9.380863039399625E-4,NO
129,73,8.542627712284298E-5,NO
130,93,9.380863039399625E-4,NO
131,624,9.380863039399625E-4,NO
132,108,4.694835680751173E-4,NO
133,323,9.380863039399625E-4,NO
134,49,3.1308703819661864E-4,NO
135,213,9.380863039399625E-4,NO
136,47,9.380863039399625E-4,NO
137,101,9.380863039399625E-4,NO
138,34,3.1308703819661864E-4,NO
139,36,4.694835680751173E-4,NO
140,117,9.380863039399625E-4,NO
141,182,9.380863039399625E-4,NO
142,550,9.380863039399625E-4,NO
143,70,3.1308703819661864E-4,NO
144,89,3.1308703819661864E-4,NO
145,517,9.380863039399625E-4,NO
146,94,4.694835680751173E-4,NO
147,50,2.3485204321277593E-4,NO
148,167,9.380863039399625E-4,YES
149,244,9.380863039399625E-4,NO
150,152,9.380863039399625E-4,NO
151,27,1.565925461948011E-4,NO
152,142,9.380863039399625E-4,NO
153,460,9.380863039399625E-4,YES
154,47,1.8789928598271326E-4,NO
155,50,2.3485204321277593E-4,NO
156,512,9.380863039399625E-4,NO
157,106,2.3485204321277593E-4,NO
158,97,3.1308703819661864E-4,NO
159,26,9.380863039399625E-4,NO
160,345,9.380863039399625E-4,YES
161,156,9.380863039399625E-4,NO
162,260,9.380863039399625E-4,YES
163,79,4.694835680751173E-4,NO
164,926,9.380863039399625E-4,NO
165,60,9.380863039399625E-4,NO
166,48,2.3485204321277593E-4,NO
167,254,9.380863039399625E-4,NO
168,157,9.380863039399625E-4,NO
169,147,4.694835680751173E-4,NO
170,195,9.380863039399625E-4,YES
171,248,9.380863039399625E-4,NO
172,138,9.380863039399625E-4,NO
173,371,9.380863039399625E-4,NO
174,491,9.380863039399625E-4,NO
175,180,9.380863039399625E-4,NO
176,66,4.694835680751173E-4,NO
177,168,9.380863039399625E-4,NO
178,72,2.3485204321277593E-4,NO
179,27,1.565925461948011E-4,NO
180,309,9.380863039399625E-4,NO
181,132,3.1308703819661864E-4,NO
182,64,4.694835680751173E-4,NO
183,1009,9.380863039399625E-4,NO
184,262,9.380863039399625E-4,NO
185,74,1.3422818791946307E-4,NO
186,32,4.694835680751173E-4,NO
187,138,4.694835680751173E-4,NO
188,132,3.1308703819661864E-4,NO
189,74,1.3422818791946307E-4,NO
190,86,9.380863039399625E-4,NO
191,148,9.380863039399625E-4,NO
192,752,9.380863039399625E-4,NO
193,125,4.694835680751173E-4,NO
194,105,9.380863039399625E-4,NO
195,271,9.380863039399625E-4,YES
196,174,9.380863039399625E-4,NO
197,1038,9.380863039399625E-4,NO
198,68,9.380863039399625E-4,NO
199,358,9.380863039399625E-4,NO
200,76,9.380863039399625E-4,NO
201,83,9.380863039399625E-4,NO
202,51,4.694835680751173E-4,NO
203,151,9.380863039399625E-4,NO
204,657,9.380863039399625E-4,NO
205,187,9.380863039399625E-4,NO
206,55,9.380863039399625E-4,NO
207,25,9.380863039399625E-4,NO
208,29,9.380863039399625E-4,NO
209,37,3.1308703819661864E-4,NO
210,193,9.380863039399625E-4,NO
211,98,4.694835680751173E-4,NO
212,215,9.380863039399625E-4,NO
213,38,4.694835680751173E-4,NO
214,104,9.380863039399625E-4,NO
215,135,4.694835680751173E-4,NO
216,92,2.3485204321277593E-4,NO
217,198,9.380863039399625E-4,NO
218,27,1.565925461948011E-4,NO
219,117,9.380863039399625E-4,NO
220,160,9.380863039399625E-4,YES
221,168,9.380863039399625E-4,NO
222,117,9.380863039399625E-4,NO
223,74,1.3422818791946307E-4,NO
224,74,1.3422818791946307E-4,NO
225,274,9.380863039399625E-4,YES
226,214,4.694835680751173E-4,NO
227,85,4.694835680751173E-4,NO
228,108,4.694835680751173E-4,YES
229,130,9.380863039399625E-4,YES
230,163,9.380863039399625E-4,NO
231,872,9.380863039399625E-4,NO
232,49,3.1308703819661864E-4,NO
233,123,4.694835680751173E-4,NO
234,92,2.3485204321277593E-4,NO
235,100,4.694835680751173E-4,NO
236,42,3.1308703819661864E-4,NO
237,39,4.694835680751173E-4,NO
238,53,9.380863039399625E-4,NO
239,266,9.380863039399625E-4,YES
240,72,2.3485204321277593E-4,NO
241,99,9.380863039399625E-4,NO
242,34,3.1308703819661864E-4,NO
243,22,9.380863039399625E-4,NO
244,27,9.380863039399625E-4,NO
245,31,4.694835680751173E-4,NO
246,98,4.694835680751173E-4,NO
247,36,4.694835680751173E-4,NO
248,1263,9.380863039399625E-4,NO
249,979,9.380863039399625E-4,NO
250,535,9.380863039399625E-4,NO
251,277,9.380863039399625E-4,NO
252,607,9.380863039399625E-4,NO
253,202,9.380863039399625E-4,NO
254,60,9.380863039399625E-4,NO
255,64,4.694835680751173E-4,NO
256,374,9.380863039399625E-4,NO
257,363,9.380863039399625E-4,YES
258,421,9.380863039399625E-4,NO
259,628,9.380863039399625E-4,YES
260,103,9.380863039399625E-4,NO
261,286,9.380863039399625E-4,YES
262,42,3.1308703819661864E-4,NO
263,79,4.694835680751173E-4,NO
264,67,9.380863039399625E-4,NO
265,354,9.380863039399625E-4,YES
266,264,9.380863039399625E-4,NO
267,58,4.694835680751173E-4,NO
268,56,3.1308703819661864E-4,NO
269,214,4.694835680751173E-4,NO
270,44,4.694835680751173E-4,NO
271,1126,9.380863039399625E-4,NO
272,319,9.380863039399625E-4,NO
273,41,9.380863039399625E-4,NO
274,163,9.380863039399625E-4,NO
275,70,3.1308703819661864E-4,NO
276,332,9.380863039399625E-4,NO
277,129,4.694835680751173E-4,NO
278,56,3.1308703819661864E-4,NO
279,107,9.380863039399625E-4,NO
280,32,4.694835680751173E-4,NO
281,83,9.380863039399625E-4,NO
282,319,9.380863039399625E-4,YES
283,352,9.380863039399625E-4,YES
284,101,9.380863039399625E-4,NO
285,327,9.380863039399625E-4,NO
286,54,3.1308703819661864E-4,NO
287,476,9.380863039399625E-4,NO
288,56,3.1308703819661864E-4,NO
289,94,4.694835680751173E-4,NO
290,61,1.8789928598271326E-4,NO
291,343,4.694835680751173E-4,NO
292,72,2.3485204321277593E-4,NO
293,343,9.380863039399625E-4,YES
294,167,9.380863039399625E-4,NO
295,842,9.380863039399625E-4,NO
296,867,9.380863039399625E-4,NO
297,101,9.380863039399625E-4,NO
298,84,4.694835680751173E-4,NO
299,183,3.1308703819661864E-4,NO
300,223,9.380863039399625E-4,NO
301,194,9.380863039399625E-4,NO
302,165,9.380863039399625E-4,NO
303,183,3.1308703819661864E-4,NO
304,140,4.694835680751173E-4,NO
305,171,9.380863039399625E-4,NO
306,257,9.380863039399625E-4,NO
307,63,3.1308703819661864E-4,NO
308,573,9.380863039399625E-4,NO
309,422,9.380863039399625E-4,NO
310,50,2.3485204321277593E-4,NO
311,40,9.380863039399625E-4,NO
312,164,4.694835680751173E-4,NO
313,84,4.694835680751173E-4,NO
314,57,9.380863039399625E-4,NO
315,380,9.380863039399625E-4,NO
316,71,9.380863039399625E-4,NO
317,261,4.694835680751173E-4,NO
318,132,3.1308703819661864E-4,NO
319,33,9.380863039399625E-4,NO
320,77,3.1308703819661864E-4,NO
321,179,9.380863039399625E-4,NO
322,355,9.380863039399625E-4,NO
323,2009,9.380863039399625E-4,NO
324,382,9.380863039399625E-4,NO
325,100,4.694835680751173E-4,NO
326,141,4.694835680751173E-4,NO
327,444,9.380863039399625E-4,NO
328,54,3.1308703819661864E-4,NO
329,184,3.1308703819661864E-4,NO
330,300,9.380863039399625E-4,NO
331,49,3.1308703819661864E-4,NO
332,27,1.565925461948011E-4,NO
333,200,9.380863039399625E-4,NO
334,94,9.380863039399625E-4,NO
335,77,3.1308703819661864E-4,NO
336,16883,9.380863039399625E-4,NO
337,58,4.694835680751173E-4,NO
338,863,9.380863039399625E-4,NO
339,638,9.380863039399625E-4,YES
340,106,2.3485204321277593E-4,NO
341,152,9.380863039399625E-4,NO
342,72,2.3485204321277593E-4,NO
343,297,9.380863039399625E-4,NO
344,47,1.8789928598271326E-4,NO
345,183,9.380863039399625E-4,NO
346,75,9.380863039399625E-4,NO
347,52,9.380863039399625E-4,NO
348,104,9.380863039399625E-4,NO
349,33,9.380863039399625E-4,NO
350,86,9.380863039399625E-4,NO
351,88,9.380863039399625E-4,NO
352,62,2.3485204321277593E-4,NO
353,153,4.694835680751173E-4,NO
354,51,9.380863039399625E-4,NO
355,47,1.8789928598271326E-4,NO
356,53,9.380863039399625E-4,NO
357,151,9.380863039399625E-4,NO
358,37,3.1308703819661864E-4,NO
359,677,9.380863039399625E-4,NO
360,59,9.380863039399625E-4,NO
361,118,9.380863039399625E-4,NO
362,104,9.380863039399625E-4,NO
363,28,4.694835680751173E-4,NO
364,77,3.1308703819661864E-4,NO
365,39,4.694835680751173E-4,NO
366,185,9.380863039399625E-4,NO
367,51,4.694835680751173E-4,NO
368,624,9.380863039399625E-4,NO
369,90,9.380863039399625E-4,NO
370,126,9.380863039399625E-4,YES
371,63,3.1308703819661864E-4,NO
372,374,9.380863039399625E-4,YES
373,54,3.1308703819661864E-4,NO
374,781,9.380863039399625E-4,YES
375,74,1.3422818791946307E-4,NO
376,64,4.694835680751173E-4,NO
