ID,Size,Predicted %,Actual value
0,115,0.027019703934129436,NO
1,329,0.028428211149619898,NO
2,35,0.02708748254067297,NO
3,390,0.02708748254067297,NO
4,84,0.02708748254067297,NO
5,70,0.02708748254067297,NO
6,92,0.02708748254067297,NO
7,89,0.02708748254067297,NO
8,63,0.02708748254067297,NO
9,51,0.02708748254067297,NO
10,147,0.02708748254067297,NO
11,179,0.02708748254067297,NO
12,282,0.10876969676479069,NO
13,295,0.028428211149619898,NO
14,106,0.02708748254067297,NO
15,47,0.02708748254067297,NO
16,45,0.02708748254067297,NO
17,90,0.02708748254067297,NO
18,691,0.10948550138013655,YES
19,62,0.02708748254067297,NO
20,35,0.02708748254067297,NO
21,172,0.02708748254067297,NO
22,94,0.02708748254067297,YES
23,27,0.02708748254067297,NO
24,191,0.02708748254067297,NO
25,66,0.02708748254067297,NO
26,82,0.02708748254067297,NO
27,43,0.02708748254067297,NO
28,189,0.02708748254067297,YES
29,101,0.027019703934129436,NO
30,87,0.02708748254067297,NO
31,495,0.10828312132912782,YES
32,153,0.02708748254067297,YES
33,44,0.02708748254067297,NO
34,308,0.02708748254067297,YES
35,50,0.02708748254067297,NO
36,437,0.02708748254067297,NO
37,74,0.02708748254067297,NO
38,62,0.02708748254067297,NO
39,65,0.026955256580167723,NO
40,48,0.02708748254067297,NO
41,46,0.02708748254067297,NO
42,577,0.02708748254067297,YES
43,90,0.02708748254067297,NO
44,109,0.02708748254067297,NO
45,92,0.02708748254067297,NO
46,226,0.0272821982944518,NO
47,56,0.02708748254067297,NO
48,74,0.02708748254067297,NO
49,31,0.02708748254067297,NO
50,28,0.02708748254067297,NO
51,4088,0.02708748254067297,NO
52,47,0.02708748254067297,NO
53,221,0.02708748254067297,NO
54,377,0.02708748254067297,NO
55,1248,0.10876969676479069,YES
56,125,0.02708748254067297,NO
57,183,0.02708748254067297,NO
58,58,0.02708748254067297,NO
59,792,0.02708748254067297,YES
60,42,0.02708748254067297,NO
61,45,0.02708748254067297,NO
62,648,0.02708748254067297,YES
63,84,0.10876969676479069,NO
64,143,0.02708748254067297,NO
65,106,0.02708748254067297,NO
66,62,0.02708748254067297,NO
67,148,0.10876969676479069,NO
68,111,0.02708748254067297,NO
69,129,0.02708748254067297,NO
70,24,0.02708748254067297,NO
71,422,0.02708748254067297,YES
72,131,0.02708748254067297,NO
73,189,0.0272821982944518,NO
74,38,0.02708748254067297,NO
75,69,0.026955256580167723,NO
76,804,0.02708748254067297,NO
77,109,0.02708748254067297,NO
78,85,0.02708748254067297,NO
79,160,0.02708748254067297,NO
80,156,0.02708748254067297,NO
81,90,0.02708748254067297,NO
82,88,0.02708748254067297,YES
83,359,0.10876969676479069,YES
84,155,0.10876969676479069,NO
85,273,0.02708748254067297,YES
86,86,0.02708748254067297,NO
87,466,0.10876969676479069,YES
88,134,0.02708748254067297,NO
89,27,0.02708748254067297,NO
90,111,0.02708748254067297,NO
91,39,0.026955256580167723,NO
92,159,0.02708748254067297,NO
93,64,0.02708748254067297,NO
94,37,0.02708748254067297,NO
95,162,0.02708748254067297,NO
96,76,0.026955256580167723,NO
97,43,0.02708748254067297,NO
98,666,0.02708748254067297,NO
99,74,0.02708748254067297,NO
100,48,0.02708748254067297,NO
101,262,0.02708748254067297,NO
102,979,0.02708748254067297,YES
103,45,0.02708748254067297,NO
104,582,0.02708748254067297,YES
105,358,0.02708748254067297,NO
106,136,0.02708748254067297,NO
107,89,0.02708748254067297,NO
108,191,0.02708748254067297,NO
109,96,0.02708748254067297,NO
110,106,0.02708748254067297,YES
111,236,0.02708748254067297,NO
112,565,0.02708748254067297,YES
113,346,0.0272821982944518,NO
114,77,0.02708748254067297,NO
115,47,0.02708748254067297,NO
116,123,0.02708748254067297,NO
117,69,0.02708748254067297,NO
118,34,0.02708748254067297,NO
119,252,0.10876969676479069,NO
120,25,0.02708748254067297,NO
121,73,0.026955256580167723,NO
122,93,0.02708748254067297,NO
123,624,0.13980600716722297,NO
124,108,0.02708748254067297,NO
125,323,0.028428211149619898,NO
126,49,0.02708748254067297,NO
127,213,0.02708748254067297,NO
128,101,0.10828312132912782,NO
129,34,0.02708748254067297,NO
130,36,0.02708748254067297,NO
131,117,0.10876969676479069,NO
132,177,0.02708748254067297,NO
133,550,0.02708748254067297,NO
134,70,0.02708748254067297,NO
135,89,0.02708748254067297,NO
136,510,0.9711461060188591,YES
137,94,0.02708748254067297,NO
138,50,0.02708748254067297,NO
139,167,0.10828312132912782,YES
140,244,0.02708748254067297,NO
141,27,0.02708748254067297,NO
142,460,0.02708748254067297,YES
143,47,0.026955256580167723,NO
144,50,0.02708748254067297,NO
145,512,0.031925107517993476,NO
146,106,0.02708748254067297,NO
147,97,0.02708748254067297,NO
148,26,0.02708748254067297,NO
149,315,0.10876969676479069,YES
150,156,0.02708748254067297,NO
151,188,0.10876969676479069,YES
152,79,0.02708748254067297,NO
153,923,0.10828312132912782,YES
154,60,0.02708748254067297,NO
155,48,0.02708748254067297,NO
156,254,0.02708748254067297,NO
157,157,0.02708748254067297,NO
158,147,0.02708748254067297,NO
159,182,0.02708748254067297,YES
160,248,0.02708748254067297,NO
161,137,0.02708748254067297,NO
162,371,0.02708748254067297,NO
163,491,0.02708748254067297,NO
164,180,0.0272821982944518,NO
165,66,0.02708748254067297,NO
166,168,0.02708748254067297,NO
167,72,0.02708748254067297,NO
168,27,0.02708748254067297,NO
169,304,0.028428211149619898,NO
170,132,0.02708748254067297,NO
171,64,0.026955256580167723,NO
172,981,0.026955256580167723,YES
173,262,0.02708748254067297,NO
174,74,0.02708748254067297,NO
175,32,0.02708748254067297,NO
176,138,0.02708748254067297,NO
177,132,0.02708748254067297,NO
178,74,0.02708748254067297,NO
179,86,0.02708748254067297,NO
180,148,0.02708748254067297,NO
181,752,0.0411836594884251,NO
182,125,0.02708748254067297,NO
183,105,0.02708748254067297,NO
184,273,0.02708748254067297,YES
185,174,0.02708748254067297,NO
186,1038,0.10876969676479069,NO
187,68,0.02708748254067297,NO
188,358,0.02708748254067297,NO
189,76,0.02708748254067297,NO
190,83,0.02708748254067297,NO
191,51,0.02708748254067297,NO
192,151,0.02708748254067297,NO
193,657,0.03575158029750743,NO
194,187,0.0272821982944518,NO
195,55,0.02708748254067297,NO
196,25,0.02708748254067297,NO
197,29,0.02708748254067297,NO
198,37,0.02708748254067297,NO
199,180,0.02708748254067297,NO
200,98,0.02708748254067297,NO
201,215,0.02708748254067297,NO
202,38,0.02708748254067297,NO
203,104,0.027019703934129436,NO
204,135,0.027019703934129436,NO
205,92,0.02708748254067297,NO
206,160,0.02708748254067297,YES
207,27,0.02708748254067297,NO
208,117,0.027019703934129436,NO
209,140,0.02708748254067297,YES
210,168,0.0272821982944518,NO
211,117,0.02708748254067297,NO
212,74,0.02708748254067297,NO
213,74,0.02708748254067297,NO
214,273,0.02708748254067297,YES
215,214,0.02708748254067297,NO
216,85,0.02708748254067297,NO
217,108,0.02708748254067297,YES
218,130,0.02708748254067297,YES
219,163,0.02708748254067297,NO
220,872,0.04466446679325283,NO
221,49,0.02708748254067297,NO
222,123,0.02708748254067297,NO
223,92,0.02708748254067297,NO
224,100,0.02708748254067297,NO
225,42,0.02708748254067297,NO
226,39,0.02708748254067297,NO
227,53,0.02708748254067297,NO
228,266,0.027019703934129436,YES
229,72,0.02708748254067297,NO
230,99,0.02708748254067297,NO
231,34,0.02708748254067297,NO
232,22,0.02708748254067297,NO
233,31,0.02708748254067297,NO
234,98,0.02708748254067297,NO
235,36,0.02708748254067297,NO
236,1263,0.02708748254067297,NO
237,956,0.11368098385216092,YES
238,525,0.02708748254067297,NO
239,277,0.02708748254067297,NO
240,601,0.02708748254067297,YES
241,202,0.02708748254067297,NO
242,64,0.02708748254067297,NO
243,369,0.10876969676479069,NO
244,356,0.028428211149619898,YES
245,421,0.029336579967557383,NO
246,628,0.10828312132912782,YES
247,103,0.02708748254067297,NO
248,277,0.02708748254067297,YES
249,42,0.02708748254067297,NO
250,79,0.02708748254067297,NO
251,67,0.02708748254067297,NO
252,354,0.02708748254067297,YES
253,58,0.02708748254067297,NO
254,56,0.02708748254067297,NO
255,214,0.02708748254067297,NO
256,44,0.02708748254067297,NO
257,1126,0.06605350228778942,NO
258,319,0.02708748254067297,NO
259,41,0.02708748254067297,NO
260,163,0.027019703934129436,NO
261,70,0.02708748254067297,NO
262,332,0.02708748254067297,NO
263,129,0.02708748254067297,NO
264,56,0.026955256580167723,NO
265,107,0.02708748254067297,NO
266,32,0.02708748254067297,NO
267,319,0.10876969676479069,YES
268,326,0.02708748254067297,YES
269,101,0.10876969676479069,NO
270,328,0.10876969676479069,YES
271,54,0.02708748254067297,NO
272,476,0.030493535948769142,NO
273,56,0.02708748254067297,NO
274,94,0.02708748254067297,NO
275,61,0.026955256580167723,NO
276,337,0.02708748254067297,NO
277,72,0.02708748254067297,NO
278,343,0.02708748254067297,YES
279,167,0.02708748254067297,NO
280,842,0.10876969676479069,NO
281,867,0.02708748254067297,NO
282,101,0.02708748254067297,NO
283,84,0.026955256580167723,NO
284,183,0.02708748254067297,NO
285,223,0.02708748254067297,NO
286,194,0.0272821982944518,NO
287,165,0.02708748254067297,NO
288,183,0.02708748254067297,NO
289,140,0.02708748254067297,NO
290,171,0.02708748254067297,NO
291,243,0.02708748254067297,YES
292,63,0.02708748254067297,NO
293,422,0.10876969676479069,NO
294,50,0.02708748254067297,NO
295,40,0.02708748254067297,NO
296,164,0.0272821982944518,NO
297,84,0.02708748254067297,NO
298,57,0.02708748254067297,NO
299,380,0.02708748254067297,NO
300,71,0.02708748254067297,NO
301,261,0.02774835337239571,NO
302,132,0.02708748254067297,NO
303,33,0.02708748254067297,NO
304,77,0.026955256580167723,NO
305,179,0.0272821982944518,NO
306,355,0.02708748254067297,NO
307,2009,0.4360357778664001,NO
308,383,0.02708748254067297,YES
309,100,0.02708748254067297,NO
310,141,0.10876969676479069,NO
311,444,0.030493535948769142,NO
312,54,0.02708748254067297,NO
313,184,0.0272821982944518,NO
314,301,0.10876969676479069,YES
315,49,0.02708748254067297,NO
316,27,0.02708748254067297,NO
317,200,0.02708748254067297,NO
318,77,0.02708748254067297,NO
319,16883,0.02708748254067297,NO
320,58,0.02708748254067297,NO
321,846,0.02708748254067297,YES
322,553,0.02708748254067297,YES
323,106,0.027019703934129436,NO
324,152,0.02708748254067297,NO
325,72,0.02708748254067297,NO
326,268,0.02708748254067297,YES
327,47,0.02708748254067297,NO
328,192,0.02708748254067297,YES
329,75,0.02708748254067297,NO
330,52,0.02708748254067297,NO
331,104,0.10876969676479069,NO
332,33,0.026955256580167723,NO
333,86,0.10876969676479069,NO
334,88,0.02708748254067297,NO
335,62,0.02708748254067297,NO
336,153,0.02708748254067297,NO
337,48,0.02708748254067297,YES
338,47,0.02708748254067297,NO
339,53,0.10876969676479069,NO
340,139,0.02708748254067297,NO
341,37,0.02708748254067297,NO
342,59,0.02708748254067297,NO
343,109,0.02708748254067297,NO
344,104,0.02708748254067297,NO
345,28,0.02708748254067297,NO
346,77,0.02708748254067297,NO
347,39,0.02708748254067297,NO
348,51,0.026955256580167723,NO
349,624,0.02708748254067297,NO
350,126,0.02708748254067297,YES
351,63,0.02708748254067297,NO
352,361,0.10828312132912782,YES
353,54,0.02708748254067297,NO
354,695,0.9999986159883749,YES
355,74,0.026955256580167723,NO
356,64,0.026955256580167723,NO
