ID,Size,Predicted %,Actual value
0,115,4.5288221678233676E-5,NO
1,329,4.748732480863628E-5,NO
2,35,4.348763112529821E-5,NO
3,390,4.776415900713193E-5,NO
4,84,4.473573363841552E-5,NO
5,70,4.4134823289902934E-5,NO
6,92,4.473573363841552E-5,NO
7,89,4.473573363841552E-5,NO
8,63,4.4134823289902934E-5,NO
9,51,4.4134823289902934E-5,NO
10,147,4.5288221678233676E-5,NO
11,179,4.579030162497281E-5,NO
12,282,4.726087885469332E-5,NO
13,295,4.726087885469332E-5,NO
14,106,1.7432963469949032E-4,NO
15,47,4.348763112529821E-5,NO
16,45,4.348763112529821E-5,NO
17,83,2.209480994434047E-4,YES
18,90,4.473573363841552E-5,NO
19,721,0.062103142799952306,YES
20,62,4.4134823289902934E-5,NO
21,35,4.348763112529821E-5,NO
22,172,4.579030162497281E-5,NO
23,97,2.486758270798599E-4,NO
24,27,4.348763112529821E-5,NO
25,191,4.624015428420116E-5,NO
26,66,4.4134823289902934E-5,NO
27,82,4.473573363841552E-5,NO
28,43,4.348763112529821E-5,NO
29,189,4.624015428420116E-5,YES
30,101,4.473573363841552E-5,NO
31,87,4.473573363841552E-5,NO
32,530,0.006452385081195297,NO
33,166,0.010823992716977038,NO
34,44,4.348763112529821E-5,NO
35,308,4.726087885469332E-5,YES
36,50,4.4134823289902934E-5,NO
37,437,4.7813513251602675E-5,NO
38,74,4.4134823289902934E-5,NO
39,62,4.4134823289902934E-5,NO
40,65,4.4134823289902934E-5,NO
41,48,4.348763112529821E-5,NO
42,46,4.348763112529821E-5,NO
43,579,0.0012610009092785272,YES
44,90,4.473573363841552E-5,NO
45,109,4.473573363841552E-5,NO
46,876,1.0,NO
47,92,4.473573363841552E-5,NO
48,226,4.6636138027087026E-5,NO
49,356,0.3784646991656086,NO
50,56,4.4134823289902934E-5,NO
51,74,4.4134823289902934E-5,NO
52,31,4.348763112529821E-5,NO
53,28,4.348763112529821E-5,NO
54,4088,1.9812341296832676E-8,NO
55,47,4.348763112529821E-5,NO
56,221,4.6636138027087026E-5,NO
57,377,4.776415900713193E-5,NO
58,1154,0.9904580773526176,YES
59,128,1.7648232995643836E-4,NO
60,183,4.624015428420116E-5,NO
61,58,4.4134823289902934E-5,NO
62,877,0.0017494223939603102,YES
63,60,1.8201845199149725E-4,NO
64,42,4.348763112529821E-5,NO
65,45,4.348763112529821E-5,NO
66,752,0.012798926548696778,YES
67,84,4.473573363841552E-5,NO
68,143,4.5288221678233676E-5,NO
69,106,1.7432963469949032E-4,NO
70,62,4.4134823289902934E-5,NO
71,61,1.8587622572479302E-4,NO
72,148,4.579030162497281E-5,NO
73,111,4.473573363841552E-5,NO
74,129,4.5288221678233676E-5,NO
75,24,4.348763112529821E-5,NO
76,422,4.7813513251602675E-5,YES
77,131,4.5288221678233676E-5,NO
78,185,8.03656414642192E-4,NO
79,38,4.348763112529821E-5,NO
80,69,4.4134823289902934E-5,NO
81,804,4.3915790552216906E-5,NO
82,109,4.473573363841552E-5,NO
83,85,4.473573363841552E-5,NO
84,160,4.579030162497281E-5,NO
85,156,4.579030162497281E-5,NO
86,90,4.473573363841552E-5,NO
87,88,4.473573363841552E-5,YES
88,361,0.006654013437474267,YES
89,155,4.579030162497281E-5,NO
90,273,4.697679876734942E-5,YES
91,86,4.473573363841552E-5,NO
92,497,0.7150346894776364,NO
93,134,4.5288221678233676E-5,NO
94,27,4.348763112529821E-5,NO
95,111,4.473573363841552E-5,NO
96,39,4.348763112529821E-5,NO
97,31,1.6402140178093527E-4,NO
98,159,4.579030162497281E-5,NO
99,64,4.4134823289902934E-5,NO
100,37,4.348763112529821E-5,NO
101,162,4.579030162497281E-5,NO
102,76,4.4134823289902934E-5,NO
103,43,4.348763112529821E-5,NO
104,666,4.650517943651066E-5,NO
105,74,4.4134823289902934E-5,NO
106,192,0.005215742932770269,NO
107,48,4.348763112529821E-5,NO
108,263,1.8306160050921415E-4,NO
109,1026,0.028322935305671294,YES
110,45,4.348763112529821E-5,NO
111,596,0.005962022845890622,NO
112,358,4.765529382618669E-5,NO
113,136,4.5288221678233676E-5,NO
114,89,4.473573363841552E-5,NO
115,191,4.624015428420116E-5,NO
116,96,4.473573363841552E-5,NO
117,106,2.444892669903231E-4,NO
118,237,1.8173427560394818E-4,NO
119,565,0.00119528575110246,NO
120,346,4.765529382618669E-5,NO
121,77,4.4134823289902934E-5,NO
122,47,4.348763112529821E-5,NO
123,123,4.5288221678233676E-5,NO
124,69,4.4134823289902934E-5,NO
125,34,4.348763112529821E-5,NO
126,252,4.697679876734942E-5,NO
127,132,4.1292472279591704E-4,NO
128,25,4.348763112529821E-5,NO
129,73,4.4134823289902934E-5,NO
130,93,4.473573363841552E-5,NO
131,624,4.6865154119456996E-5,NO
132,108,4.473573363841552E-5,NO
133,323,4.748732480863628E-5,NO
134,49,4.348763112529821E-5,NO
135,213,4.6636138027087026E-5,NO
136,47,1.7101382407907538E-4,NO
137,101,4.473573363841552E-5,NO
138,34,4.348763112529821E-5,NO
139,36,4.348763112529821E-5,NO
140,117,4.5288221678233676E-5,NO
141,182,1.7610347595414775E-4,NO
142,550,4.741547507977422E-5,NO
143,70,4.4134823289902934E-5,NO
144,89,4.473573363841552E-5,NO
145,517,0.0012085905955492682,NO
146,94,4.473573363841552E-5,NO
147,50,4.4134823289902934E-5,NO
148,167,2.545367082953521E-4,YES
149,244,4.6636138027087026E-5,NO
150,152,5.912551183138594E-4,NO
151,27,4.348763112529821E-5,NO
152,142,4.668625877762014E-4,NO
153,460,4.7803171796021036E-5,YES
154,47,4.348763112529821E-5,NO
155,50,4.4134823289902934E-5,NO
156,512,4.760377993137069E-5,NO
157,106,4.473573363841552E-5,NO
158,97,4.473573363841552E-5,NO
159,26,4.348763112529821E-5,NO
160,345,1.7973841294492633E-4,YES
161,156,4.579030162497281E-5,NO
162,260,9.440236529106295E-4,YES
163,79,4.4134823289902934E-5,NO
164,926,0.005749946532020208,NO
165,60,4.4134823289902934E-5,NO
166,48,4.348763112529821E-5,NO
167,254,4.697679876734942E-5,NO
168,157,4.579030162497281E-5,NO
169,147,4.5288221678233676E-5,NO
170,195,3.269707468647242E-4,YES
171,248,4.697679876734942E-5,NO
172,138,1.7648232995643836E-4,NO
173,371,4.765529382618669E-5,NO
174,491,4.773317336531729E-5,NO
175,180,4.624015428420116E-5,NO
176,66,4.4134823289902934E-5,NO
177,168,4.579030162497281E-5,NO
178,72,4.4134823289902934E-5,NO
179,27,4.348763112529821E-5,NO
180,309,1.8240790191026082E-4,NO
181,132,4.5288221678233676E-5,NO
182,64,4.4134823289902934E-5,NO
183,1009,0.0014626921570194483,NO
184,262,4.697679876734942E-5,NO
185,74,4.4134823289902934E-5,NO
186,32,4.348763112529821E-5,NO
187,138,4.5288221678233676E-5,NO
188,132,4.5288221678233676E-5,NO
189,74,4.4134823289902934E-5,NO
190,86,4.473573363841552E-5,NO
191,148,4.579030162497281E-5,NO
192,752,4.510247293414866E-5,NO
193,125,4.5288221678233676E-5,NO
194,105,4.473573363841552E-5,NO
195,271,2.611307333894229E-4,YES
196,174,4.579030162497281E-5,NO
197,1038,3.845954050546198E-5,NO
198,68,4.4134823289902934E-5,NO
199,358,4.765529382618669E-5,NO
200,76,4.4134823289902934E-5,NO
201,83,4.473573363841552E-5,NO
202,51,4.4134823289902934E-5,NO
203,151,4.579030162497281E-5,NO
204,657,4.650517943651066E-5,NO
205,187,4.624015428420116E-5,NO
206,55,4.4134823289902934E-5,NO
207,25,4.348763112529821E-5,NO
208,29,4.348763112529821E-5,NO
209,37,4.348763112529821E-5,NO
210,193,1.7634720286045875E-4,NO
211,98,4.473573363841552E-5,NO
212,215,1.8173427560394818E-4,NO
213,38,4.348763112529821E-5,NO
214,104,4.473573363841552E-5,NO
215,135,4.5288221678233676E-5,NO
216,92,4.473573363841552E-5,NO
217,198,0.001142781172415648,NO
218,27,4.348763112529821E-5,NO
219,117,4.5288221678233676E-5,NO
220,160,1.7370589867110196E-4,YES
221,168,4.579030162497281E-5,NO
222,117,4.5288221678233676E-5,NO
223,74,4.4134823289902934E-5,NO
224,74,4.4134823289902934E-5,NO
225,274,0.0011842398383459702,YES
226,214,4.6636138027087026E-5,NO
227,85,4.473573363841552E-5,NO
228,108,4.473573363841552E-5,YES
229,130,4.5288221678233676E-5,YES
230,163,4.579030162497281E-5,NO
231,872,4.254721896116128E-5,NO
232,49,4.348763112529821E-5,NO
233,123,4.5288221678233676E-5,NO
234,92,4.473573363841552E-5,NO
235,100,4.473573363841552E-5,NO
236,42,4.348763112529821E-5,NO
237,39,4.348763112529821E-5,NO
238,53,4.4134823289902934E-5,NO
239,266,4.697679876734942E-5,YES
240,72,4.4134823289902934E-5,NO
241,99,4.473573363841552E-5,NO
242,34,4.348763112529821E-5,NO
243,22,4.348763112529821E-5,NO
244,27,2.3304202348304004E-4,NO
245,31,4.348763112529821E-5,NO
246,98,4.473573363841552E-5,NO
247,36,4.348763112529821E-5,NO
248,1263,3.1681525434537985E-5,NO
249,979,2.1540365740276994E-4,NO
250,535,1.779794580572894E-4,NO
251,277,4.697679876734942E-5,NO
252,607,0.006544404688051105,NO
253,202,4.624015428420116E-5,NO
254,60,1.8201845199149725E-4,NO
255,64,4.4134823289902934E-5,NO
256,374,1.7983047836929168E-4,NO
257,363,0.07568081676828627,YES
258,421,4.7813513251602675E-5,NO
259,628,4.6865154119456996E-5,YES
260,103,4.473573363841552E-5,NO
261,286,8.085818272886106E-4,YES
262,42,4.348763112529821E-5,NO
263,79,4.4134823289902934E-5,NO
264,67,4.4134823289902934E-5,NO
265,354,4.765529382618669E-5,YES
266,264,0.012111968725625831,NO
267,58,4.4134823289902934E-5,NO
268,56,4.4134823289902934E-5,NO
269,214,4.6636138027087026E-5,NO
270,44,4.348763112529821E-5,NO
271,1126,3.6615074614346644E-5,NO
272,319,4.748732480863628E-5,NO
273,41,4.348763112529821E-5,NO
274,163,4.579030162497281E-5,NO
275,70,4.4134823289902934E-5,NO
276,332,4.748732480863628E-5,NO
277,129,4.5288221678233676E-5,NO
278,56,4.4134823289902934E-5,NO
279,107,4.473573363841552E-5,NO
280,32,4.348763112529821E-5,NO
281,83,2.209480994434047E-4,NO
282,319,3.329441771856883E-4,YES
283,352,2.5537110355135744E-4,YES
284,101,4.473573363841552E-5,NO
285,327,2.639679888387218E-4,NO
286,54,4.4134823289902934E-5,NO
287,476,4.773317336531729E-5,NO
288,56,4.4134823289902934E-5,NO
289,94,4.473573363841552E-5,NO
290,61,4.4134823289902934E-5,NO
291,343,1.8328177313372185E-4,NO
292,72,4.4134823289902934E-5,NO
293,343,4.748732480863628E-5,YES
294,167,4.579030162497281E-5,NO
295,842,4.3253093783770904E-5,NO
296,867,4.254721896116128E-5,NO
297,101,4.473573363841552E-5,NO
298,84,4.473573363841552E-5,NO
299,183,4.624015428420116E-5,NO
300,223,4.6636138027087026E-5,NO
301,194,4.624015428420116E-5,NO
302,165,4.579030162497281E-5,NO
303,183,4.624015428420116E-5,NO
304,140,4.5288221678233676E-5,NO
305,171,4.579030162497281E-5,NO
306,257,2.5382306551936513E-4,NO
307,63,4.4134823289902934E-5,NO
308,573,0.9945898004299988,NO
309,422,4.7813513251602675E-5,NO
310,50,4.4134823289902934E-5,NO
311,40,4.348763112529821E-5,NO
312,164,4.579030162497281E-5,NO
313,84,4.473573363841552E-5,NO
314,57,4.4134823289902934E-5,NO
315,380,4.776415900713193E-5,NO
316,71,4.4134823289902934E-5,NO
317,261,4.697679876734942E-5,NO
318,132,4.5288221678233676E-5,NO
319,33,4.348763112529821E-5,NO
320,77,4.4134823289902934E-5,NO
321,179,4.579030162497281E-5,NO
322,355,4.765529382618669E-5,NO
323,2009,1.1564562557111884E-5,NO
324,382,2.6198786700172674E-4,NO
325,100,4.473573363841552E-5,NO
326,141,4.5288221678233676E-5,NO
327,444,4.7803171796021036E-5,NO
328,54,4.4134823289902934E-5,NO
329,184,4.624015428420116E-5,NO
330,300,0.00123013509887072,NO
331,49,4.348763112529821E-5,NO
332,27,4.348763112529821E-5,NO
333,200,4.624015428420116E-5,NO
334,94,2.4573061553241057E-4,NO
335,77,4.4134823289902934E-5,NO
336,16883,3.487099215165804E-5,NO
337,58,4.4134823289902934E-5,NO
338,863,0.0010632912623761985,NO
339,638,9.678331211498188E-4,YES
340,106,4.473573363841552E-5,NO
341,152,4.579030162497281E-5,NO
342,72,4.4134823289902934E-5,NO
343,297,0.001740587356134247,NO
344,47,4.348763112529821E-5,NO
345,183,2.560167480843468E-4,NO
346,75,4.4134823289902934E-5,NO
347,52,4.4134823289902934E-5,NO
348,104,4.473573363841552E-5,NO
349,33,4.348763112529821E-5,NO
350,86,4.473573363841552E-5,NO
351,88,4.473573363841552E-5,NO
352,62,4.4134823289902934E-5,NO
353,153,4.579030162497281E-5,NO
354,51,2.453361744455246E-4,NO
355,47,4.348763112529821E-5,NO
356,53,4.4134823289902934E-5,NO
357,151,1.716296760756357E-4,NO
358,37,4.348763112529821E-5,NO
359,677,0.9999999997555283,NO
360,59,4.4134823289902934E-5,NO
361,118,1.708051035565049E-4,NO
362,104,4.473573363841552E-5,NO
363,28,4.348763112529821E-5,NO
364,77,4.4134823289902934E-5,NO
365,39,4.348763112529821E-5,NO
366,185,0.0011557061833192908,NO
367,51,4.4134823289902934E-5,NO
368,624,4.6865154119456996E-5,NO
369,90,2.3657779322340712E-4,NO
370,126,4.5288221678233676E-5,YES
371,63,4.4134823289902934E-5,NO
372,374,2.362360442668958E-4,YES
373,54,4.4134823289902934E-5,NO
374,781,8.266318062755575E-4,YES
375,74,4.4134823289902934E-5,NO
376,64,4.4134823289902934E-5,NO
