ID,Size,Predicted %,Actual value
0,115,9.01582553637279E-6,NO
1,329,9.543862634357699E-6,NO
2,35,8.873831452015969E-6,NO
3,390,9.609865956989564E-6,NO
4,84,9.01582553637279E-6,NO
5,70,8.873831452015969E-6,NO
6,92,9.01582553637279E-6,NO
7,89,9.01582553637279E-6,NO
8,63,8.873831452015969E-6,NO
9,51,8.873831452015969E-6,NO
10,147,9.14638812535929E-6,NO
11,179,9.264960204320467E-6,NO
12,282,9.46413299629059E-6,NO
13,295,9.46413299629059E-6,NO
14,106,2.8478396501219042E-5,NO
15,47,8.873831452015969E-6,NO
16,45,8.873831452015969E-6,NO
17,83,3.316507179385319E-5,YES
18,90,9.01582553637279E-6,NO
19,721,0.0037220595595893954,YES
20,62,8.873831452015969E-6,NO
21,35,8.873831452015969E-6,NO
22,172,9.264960204320467E-6,NO
23,97,3.5965229203225E-5,NO
24,27,8.873831452015969E-6,NO
25,191,9.264960204320467E-6,NO
26,66,8.873831452015969E-6,NO
27,82,9.01582553637279E-6,NO
28,43,8.873831452015969E-6,NO
29,189,9.264960204320467E-6,YES
30,101,9.01582553637279E-6,NO
31,87,9.01582553637279E-6,NO
32,530,4.1647971632876484E-4,NO
33,166,6.677636204367E-4,NO
34,44,8.873831452015969E-6,NO
35,308,9.46413299629059E-6,YES
36,50,8.873831452015969E-6,NO
37,437,9.661849872677837E-6,NO
38,74,9.01582553637279E-6,NO
39,62,8.873831452015969E-6,NO
40,65,8.873831452015969E-6,NO
41,48,8.873831452015969E-6,NO
42,46,8.873831452015969E-6,NO
43,579,1.357274780130446E-4,YES
44,90,9.01582553637279E-6,NO
45,109,9.01582553637279E-6,NO
46,876,1.0,NO
47,92,9.01582553637279E-6,NO
48,226,9.371029265540617E-6,NO
49,356,0.10183174294505551,NO
50,56,8.873831452015969E-6,NO
51,74,9.01582553637279E-6,NO
52,31,8.873831452015969E-6,NO
53,28,8.873831452015969E-6,NO
54,4088,2.0310114929626388E-7,NO
55,47,8.873831452015969E-6,NO
56,221,9.371029265540617E-6,NO
57,377,9.609865956989564E-6,NO
58,1154,0.6981917209847993,YES
59,128,2.8890797977688003E-5,NO
60,183,9.264960204320467E-6,NO
61,58,8.873831452015969E-6,NO
62,877,1.3751748131067082E-4,YES
63,60,2.7981702461416406E-5,NO
64,42,8.873831452015969E-6,NO
65,45,8.873831452015969E-6,NO
66,752,0.001095305597429592,YES
67,84,9.01582553637279E-6,NO
68,143,9.14638812535929E-6,NO
69,106,2.8478396501219042E-5,NO
70,62,8.873831452015969E-6,NO
71,61,2.8847862992153264E-5,NO
72,148,9.14638812535929E-6,NO
73,111,9.01582553637279E-6,NO
74,129,9.14638812535929E-6,NO
75,24,8.721007410430322E-6,NO
76,422,9.661849872677837E-6,YES
77,131,9.14638812535929E-6,NO
78,185,1.2921888244534453E-4,NO
79,38,8.873831452015969E-6,NO
80,69,8.873831452015969E-6,NO
81,804,9.621782062070243E-6,NO
82,109,9.01582553637279E-6,NO
83,85,9.01582553637279E-6,NO
84,160,9.14638812535929E-6,NO
85,156,9.14638812535929E-6,NO
86,90,9.01582553637279E-6,NO
87,88,9.01582553637279E-6,YES
88,361,4.291898892167222E-4,YES
89,155,9.14638812535929E-6,NO
90,273,9.46413299629059E-6,YES
91,86,9.01582553637279E-6,NO
92,497,0.07511843012973864,NO
93,134,9.14638812535929E-6,NO
94,27,8.873831452015969E-6,NO
95,111,9.01582553637279E-6,NO
96,39,8.873831452015969E-6,NO
97,31,2.6414881963328902E-5,NO
98,159,9.14638812535929E-6,NO
99,64,8.873831452015969E-6,NO
100,37,8.873831452015969E-6,NO
101,162,9.14638812535929E-6,NO
102,76,9.01582553637279E-6,NO
103,43,8.873831452015969E-6,NO
104,666,9.705594403046238E-6,NO
105,74,9.01582553637279E-6,NO
106,192,4.357537893650272E-4,NO
107,48,8.873831452015969E-6,NO
108,263,2.9600360093210412E-5,NO
109,1026,0.002365457937271537,YES
110,45,8.873831452015969E-6,NO
111,596,6.556101841334718E-4,NO
112,358,9.543862634357699E-6,NO
113,136,9.14638812535929E-6,NO
114,89,9.01582553637279E-6,NO
115,191,9.264960204320467E-6,NO
116,96,9.01582553637279E-6,NO
117,106,3.528777695867135E-5,NO
118,237,2.9600360093210412E-5,NO
119,565,1.7140474258554771E-4,NO
120,346,9.543862634357699E-6,NO
121,77,9.01582553637279E-6,NO
122,47,8.873831452015969E-6,NO
123,123,9.14638812535929E-6,NO
124,69,8.873831452015969E-6,NO
125,34,8.873831452015969E-6,NO
126,252,9.371029265540617E-6,NO
127,132,5.9117599696398744E-5,NO
128,25,8.873831452015969E-6,NO
129,73,8.873831452015969E-6,NO
130,93,9.01582553637279E-6,NO
131,624,9.725907999727213E-6,NO
132,108,9.01582553637279E-6,NO
133,323,9.543862634357699E-6,NO
134,49,8.873831452015969E-6,NO
135,213,9.264960204320467E-6,NO
136,47,2.6876975364034258E-5,NO
137,101,9.01582553637279E-6,NO
138,34,8.873831452015969E-6,NO
139,36,8.873831452015969E-6,NO
140,117,9.01582553637279E-6,NO
141,182,2.8763814037156146E-5,NO
142,550,9.72289533476351E-6,NO
143,70,8.873831452015969E-6,NO
144,89,9.01582553637279E-6,NO
145,517,1.3671051759688144E-4,NO
146,94,9.01582553637279E-6,NO
147,50,8.873831452015969E-6,NO
148,167,3.648604507737357E-5,YES
149,244,9.371029265540617E-6,NO
150,152,8.617163720114019E-5,NO
151,27,8.873831452015969E-6,NO
152,142,7.655744072899596E-5,NO
153,460,9.661849872677837E-6,YES
154,47,8.873831452015969E-6,NO
155,50,8.873831452015969E-6,NO
156,512,9.72289533476351E-6,NO
157,106,9.01582553637279E-6,NO
158,97,9.01582553637279E-6,NO
159,26,8.873831452015969E-6,NO
160,345,2.840933732228636E-5,YES
161,156,9.14638812535929E-6,NO
162,260,1.3527745058433696E-4,YES
163,79,9.01582553637279E-6,NO
164,926,4.12295927428408E-4,NO
165,60,8.873831452015969E-6,NO
166,48,8.873831452015969E-6,NO
167,254,9.371029265540617E-6,NO
168,157,9.14638812535929E-6,NO
169,147,9.14638812535929E-6,NO
170,195,5.24514056646525E-5,YES
171,248,9.371029265540617E-6,NO
172,138,2.8890797977688003E-5,NO
173,371,9.609865956989564E-6,NO
174,491,9.69958258909719E-6,NO
175,180,9.264960204320467E-6,NO
176,66,8.873831452015969E-6,NO
177,168,9.14638812535929E-6,NO
178,72,8.873831452015969E-6,NO
179,27,8.873831452015969E-6,NO
180,309,2.9382149670808995E-5,NO
181,132,9.14638812535929E-6,NO
182,64,8.873831452015969E-6,NO
183,1009,1.5387572397160704E-4,NO
184,262,9.371029265540617E-6,NO
185,74,9.01582553637279E-6,NO
186,32,8.873831452015969E-6,NO
187,138,9.14638812535929E-6,NO
188,132,9.14638812535929E-6,NO
189,74,9.01582553637279E-6,NO
190,86,9.01582553637279E-6,NO
191,148,9.14638812535929E-6,NO
192,752,9.670833904666654E-6,NO
193,125,9.14638812535929E-6,NO
194,105,9.01582553637279E-6,NO
195,271,3.7753531822494316E-5,YES
196,174,9.264960204320467E-6,NO
197,1038,9.171926033103493E-6,NO
198,68,8.873831452015969E-6,NO
199,358,9.543862634357699E-6,NO
200,76,9.01582553637279E-6,NO
201,83,9.01582553637279E-6,NO
202,51,8.873831452015969E-6,NO
203,151,9.14638812535929E-6,NO
204,657,9.725907999727213E-6,NO
205,187,9.264960204320467E-6,NO
206,55,8.873831452015969E-6,NO
207,25,8.873831452015969E-6,NO
208,29,8.873831452015969E-6,NO
209,37,8.873831452015969E-6,NO
210,193,2.7652623078767494E-5,NO
211,98,9.01582553637279E-6,NO
212,215,2.9265325432393197E-5,NO
213,38,8.873831452015969E-6,NO
214,104,9.01582553637279E-6,NO
215,135,9.14638812535929E-6,NO
216,92,9.01582553637279E-6,NO
217,198,1.5399401473377834E-4,NO
218,27,8.873831452015969E-6,NO
219,117,9.01582553637279E-6,NO
220,160,2.740135745318205E-5,YES
221,168,9.14638812535929E-6,NO
222,117,9.01582553637279E-6,NO
223,74,9.01582553637279E-6,NO
224,74,9.01582553637279E-6,NO
225,274,1.666930979725292E-4,YES
226,214,9.264960204320467E-6,NO
227,85,9.01582553637279E-6,NO
228,108,9.01582553637279E-6,YES
229,130,9.14638812535929E-6,YES
230,163,9.14638812535929E-6,NO
231,872,9.481741545552732E-6,NO
232,49,8.873831452015969E-6,NO
233,123,9.14638812535929E-6,NO
234,92,9.01582553637279E-6,NO
235,100,9.01582553637279E-6,NO
236,42,8.873831452015969E-6,NO
237,39,8.873831452015969E-6,NO
238,53,8.873831452015969E-6,NO
239,266,9.371029265540617E-6,YES
240,72,8.873831452015969E-6,NO
241,99,9.01582553637279E-6,NO
242,34,8.873831452015969E-6,NO
243,22,8.721007410430322E-6,NO
244,27,3.3528178504774616E-5,NO
245,31,8.873831452015969E-6,NO
246,98,9.01582553637279E-6,NO
247,36,8.873831452015969E-6,NO
248,1263,8.421911461104655E-6,NO
249,979,3.496357930368123E-5,NO
250,535,2.9616895043345563E-5,NO
251,277,9.46413299629059E-6,NO
252,607,4.3763263151207676E-4,NO
253,202,9.264960204320467E-6,NO
254,60,2.7981702461416406E-5,NO
255,64,8.873831452015969E-6,NO
256,374,2.9018702256003683E-5,NO
257,363,0.00547294986851709,YES
258,421,9.661849872677837E-6,NO
259,628,9.725907999727213E-6,YES
260,103,9.01582553637279E-6,NO
261,286,1.319964153645598E-4,YES
262,42,8.873831452015969E-6,NO
263,79,9.01582553637279E-6,NO
264,67,8.873831452015969E-6,NO
265,354,9.543862634357699E-6,YES
266,264,0.0020563034077194144,NO
267,58,8.873831452015969E-6,NO
268,56,8.873831452015969E-6,NO
269,214,9.264960204320467E-6,NO
270,44,8.873831452015969E-6,NO
271,1126,8.904123697116206E-6,NO
272,319,9.543862634357699E-6,NO
273,41,8.873831452015969E-6,NO
274,163,9.14638812535929E-6,NO
275,70,8.873831452015969E-6,NO
276,332,9.543862634357699E-6,NO
277,129,9.14638812535929E-6,NO
278,56,8.873831452015969E-6,NO
279,107,9.01582553637279E-6,NO
280,32,8.873831452015969E-6,NO
281,83,3.316507179385319E-5,NO
282,319,5.2841821474952424E-5,YES
283,352,3.5878015351557005E-5,YES
284,101,9.01582553637279E-6,NO
285,327,3.807157358688635E-5,NO
286,54,8.873831452015969E-6,NO
287,476,9.69958258909719E-6,NO
288,56,8.873831452015969E-6,NO
289,94,9.01582553637279E-6,NO
290,61,8.873831452015969E-6,NO
291,343,2.9629671668415585E-5,NO
292,72,8.873831452015969E-6,NO
293,343,9.543862634357699E-6,YES
294,167,9.14638812535929E-6,NO
295,842,9.558657752401245E-6,NO
296,867,9.481741545552732E-6,NO
297,101,9.01582553637279E-6,NO
298,84,9.01582553637279E-6,NO
299,183,9.264960204320467E-6,NO
300,223,9.371029265540617E-6,NO
301,194,9.264960204320467E-6,NO
302,165,9.14638812535929E-6,NO
303,183,9.264960204320467E-6,NO
304,140,9.14638812535929E-6,NO
305,171,9.264960204320467E-6,NO
306,257,3.488415748812672E-5,NO
307,63,8.873831452015969E-6,NO
308,573,0.9801667682125637,NO
309,422,9.661849872677837E-6,NO
310,50,8.873831452015969E-6,NO
311,40,8.873831452015969E-6,NO
312,164,9.14638812535929E-6,NO
313,84,9.01582553637279E-6,NO
314,57,8.873831452015969E-6,NO
315,380,9.609865956989564E-6,NO
316,71,8.873831452015969E-6,NO
317,261,9.371029265540617E-6,NO
318,132,9.14638812535929E-6,NO
319,33,8.873831452015969E-6,NO
320,77,9.01582553637279E-6,NO
321,179,9.264960204320467E-6,NO
322,355,9.543862634357699E-6,NO
323,2009,5.208722876345467E-6,NO
324,382,3.833486092331603E-5,NO
325,100,9.01582553637279E-6,NO
326,141,9.14638812535929E-6,NO
327,444,9.661849872677837E-6,NO
328,54,8.873831452015969E-6,NO
329,184,9.264960204320467E-6,NO
330,300,1.3920871845429233E-4,NO
331,49,8.873831452015969E-6,NO
332,27,8.873831452015969E-6,NO
333,200,9.264960204320467E-6,NO
334,94,3.7666127523402186E-5,NO
335,77,9.01582553637279E-6,NO
336,16883,7.86254753712814E-6,NO
337,58,8.873831452015969E-6,NO
338,863,1.5690672949258315E-4,NO
339,638,1.4803194110873062E-4,YES
340,106,9.01582553637279E-6,NO
341,152,9.14638812535929E-6,NO
342,72,8.873831452015969E-6,NO
343,297,1.5877729471401732E-4,NO
344,47,8.873831452015969E-6,NO
345,183,3.790400433978326E-5,NO
346,75,9.01582553637279E-6,NO
347,52,8.873831452015969E-6,NO
348,104,9.01582553637279E-6,NO
349,33,8.873831452015969E-6,NO
350,86,9.01582553637279E-6,NO
351,88,9.01582553637279E-6,NO
352,62,8.873831452015969E-6,NO
353,153,9.14638812535929E-6,NO
354,51,3.5398812483147935E-5,NO
355,47,8.873831452015969E-6,NO
356,53,8.873831452015969E-6,NO
357,151,2.8395704568578693E-5,NO
358,37,8.873831452015969E-6,NO
359,677,0.9999999998873333,NO
360,59,8.873831452015969E-6,NO
361,118,2.7463130657959808E-5,NO
362,104,9.01582553637279E-6,NO
363,28,8.873831452015969E-6,NO
364,77,9.01582553637279E-6,NO
365,39,8.873831452015969E-6,NO
366,185,2.0037591029814877E-4,NO
367,51,8.873831452015969E-6,NO
368,624,9.725907999727213E-6,NO
369,90,3.7666127523402186E-5,NO
370,126,9.14638812535929E-6,YES
371,63,8.873831452015969E-6,NO
372,374,4.2054489622026416E-5,YES
373,54,8.873831452015969E-6,NO
374,781,1.318973077114944E-4,YES
375,74,9.01582553637279E-6,NO
376,64,8.873831452015969E-6,NO
